 PDEQ2019 11 24  0 54  2.20  51.5300 -175.5600  25.1 0.0 6.3 ANDREANOF ISLANDS, ALEUT                
event name:     201911240054A  
time shift:      3.5700
half duration:   3.9000
latitude:       51.4000
longitude:    -175.6000
depth:          26.9200
Mrr:       3.620000e+25
Mtt:      -3.300000e+25
Mpp:      -3.240000e+24
Mrt:       3.000000e+25
Mrp:       1.690000e+25
Mtp:      -1.400000e+25