 PDE 1996 06 21 13 57 10.00   51.5700  159.1200  20.0 6.7 6.6 OFF EAST COAST OF KAMCHATKA
event name:    062196C
time shift:           7.7563
half duration:        5.7000
latitude:            51.4900
longitude:          159.7200
depth:               23.6000
Mrr:            1.350903E+26
Mtt:           -4.305617E+25
Mpp:           -9.203410E+25
Mrt:            7.661284E+25
Mrp:            9.018355E+25
Mtp:           -6.563290E+25
