 PDEW2007  9 12 11 10 26.80  -4.4400  101.3700  34.0 6.9 8.5 SOUTHERN SUMATRA, INDONESIA
event name:     C200709121110A  
time shift:     48.8000
half duration:  42.7000
latitude:       -3.7800
longitude:     100.9900
depth:          24.4200
Mrr:       1.800000e+28
Mtt:      -8.870000e+27
Mpp:      -9.160000e+27
Mrt:       5.450000e+28
Mrp:      -3.460000e+28
Mtp:       9.680000e+27