 PDE 2002  1  2 14 50 33.50 -17.9800  178.7400 665.8 5.3 0.0 FIJI ISLANDS                            
event name:     010202E        
time shift:      5.7000
half duration:   3.0000
latitude:      -17.6300
longitude:     178.8400
depth:         680.8000
Mrr:       7.000000e+23
Mtt:       1.998000e+25
Mpp:      -2.068000e+25
Mrt:      -2.580000e+24
Mrp:      -8.200000e+23
Mtp:      -1.050000e+24
